Evaluation at Epoch 30
ADE: 0.4234788260960884
FDE: 0.732691716991256

Evaluation at Epoch 60
ADE: 0.42431084509750705
FDE: 0.8097211497182035

Evaluation at Epoch 90
ADE: 0.42431084509750705
FDE: 0.8097211497182035